    3456966	30756.000
    3462572	40280.000
    3462974	43284.000
    3463160	63691.000
    3473497	67874.000
    3475009	92360.000
    3476690	335675.000
    3477653	358047.000
    3478931	380145.000
    3480265	400319.000
    3481597	421399.000
    3482888	425671.000
    3560705	439869.000
    3568262	474604.000
    3569533	488784.000
    3608637	511842.000
    3612426	560356.000
    3613919	609204.000
    3616549	649762.000
    3618590	694946.000
    3620163	737738.000
    3622710	779751.000
    3624311	820284.000
    3626759	858253.000
    3628852	896481.000
    3630491	930507.000
    3632098	960637.000
    3651430	1002866.000
    3652906	1043556.000
    3654328	1083569.000
    3656766	1120853.000
    3658288	1158465.000
    3659837	1195572.000
    3661917	1231498.000
    3663449	1267277.000
    3664978	1303018.000
    3666631	1305223.000
    3667076	1349990.000
    3669028	1372925.000
    3673448	1405724.000
    3674981	1438055.000
    3676502	1469747.000
    3678030	1501415.000
    3699658	1578776.000
    3701040	1654871.000
    3702518	1753790.000
    3704478	1824186.000
    3705981	1859215.000
    3736290	1930790.000
    3737674	1996277.000
    3740478	2056664.000
    3741925	2114969.000
    3743434	2170274.000
    3745574	2203390.000
    3750718	2245265.000
    3755642	2288570.000
    3757412	2293768.000
    3758305	2326252.000
    3760992	2355408.000
    3773597	2411427.000
    3776940	2464732.000
    3778481	2516261.000
    3780050	2566282.000
    3781685	2615329.000
    3783320	2616773.000
    3784283	2662466.000
    3785921	2707025.000
    3787597	2750292.000
    3789307	2790623.000
    3791055	2828948.000
    3792794	2863592.000
    3795378	2903088.000
    3797076	2941378.000
    3798781	2953279.000
    3800731	2955087.000
    3820124	3004756.000
    3821672	3052706.000
    3823240	3098977.000
    3824840	3134883.000
    3826800	3178712.000
    3828436	3222091.000
    3830067	3263946.000
    3831706	3305201.000
    3833617	3345677.000
    3835359	3362205.000
    3837999	3388158.000
    3839423	3425866.000
    3841118	3449015.000
    3842971	3456710.000
    3879090	3456740.000
    3879271	3467451.000
    3879696	3478319.000
    3880168	3537942.000
    3881808	3587006.000
    3883323	3635777.000
    3885064	3675141.000
    3886998	3712085.000
    3888292	3748372.000
    3889591	3751988.000
    3891742	3801932.000
    3893996	3829577.000
    3896329	3876911.000
    3898889	3905963.000
    3902563	3941916.000
    3929246	4011274.000
    3962329	4077729.000
    3963845	4143073.000
    3965515	4183180.000
    3966875	4245249.000
    3970559	4303860.000
    3972190	4312467.000
    3974223	4369115.000
    3975967	4423735.000
    3977621	4427437.000
    3978550	4473097.000
    3979980	4514299.000
    3987623	4527902.000
    3988151	4538986.000
    3988549	4605533.000
    3989878	4686311.000
    3991500	4767368.000
    3993341	4797340.000
    3994187	4836407.000
    3995598	4913325.000
    3999349	4974737.000
    4000934	5007429.000
    4057904	5025321.000
    4058767	5046316.000
    4059598	5074101.000
    4060345	5103222.000
    4061291	5153207.000
    4062538	5174750.000
    4063204	5194004.000
    4076180	5196586.000
    4076922	5204033.000
    4078033	5213780.000
    4078521	5301043.000
    4080073	5323093.000
    4081163	5378924.000
    4082277	5423743.000
    4084647	5461117.000
    4085920	5508174.000
    4086989	5553940.000
    4088081	5604288.000
    4089323	5654027.000
    4090566	5658964.000
    4090781	5707178.000
    4092548	5767998.000
    4094113	5811533.000
    4095300	5866910.000
    4097382	5923215.000
    4098981	5964619.000
    4100152	5967128.000
    4100324	5972048.000
    4100516	5974765.000
    4100679	5975754.000
    4100782	5979274.000
    4100999	5980615.000
    4101146	5987219.000
    4101435	5990713.000
    4101622	5995034.000
    4101836	5997388.000
    4102050	6004725.000
    4102319	6012688.000
    4102720	6016424.000
    4102920	6032402.000
    4103476	6038913.000
    4142960	6107618.000
    4144181	6176476.000
    4145444	6214209.000
    4146375	6296202.000
    4149043	6298565.000
    4149386	6374098.000
    4151128	6386819.000
    4152189	6455405.000
    4153779	6523182.000
    4155399	6586750.000
    4157000	6649761.000
    4158692	6710636.000
    4160298	6770043.000
    4161957	6786194.000
    4163116	6840280.000
    4164712	6867590.000
    4167138	6885473.000
    4178674	6959754.000
    4179894	7037575.000
    4181262	7050135.000
    4183167	7128942.000
    4184740	7172507.000
    4185716	7245255.000
    4187235	7286460.000
    4188201	7296314.000
    4188520	7311947.000
    4189809	7314156.000
    4190821	7376173.000
    4192384	7436968.000
    4193934	7503359.000
    4195659	7560193.000
    4197222	7616267.000
    4212739	7715443.000
    4214259	7803684.000
    4215769	7887600.000
    4217382	7967559.000
    4219298	8043092.000
    4220902	8112787.000
    4223126	8128703.000
    4244429	8161766.000
    4244993	8176920.000
    4245355	8284848.000
    4247330	8288402.000
    4256575	8345663.000
    4258096	8370846.000
    4259369	8426981.000
    4263176	8480292.000
    4264821	8491955.000
    4265657	8533265.000
    4267040	8569852.000
    4268516	8616519.000
    4270108	8663675.000
    4271702	8709323.000
    4273310	8747784.000
    4274666	8782542.000
    4276302	8787599.000
    4276719	8787612.000
    4294584	8899518.000
    4296189	9010382.000
    4298068	9010385.000
    4299224	9103191.000
    4300871	9192835.000
    4302508	9294863.000
    4305019	9371678.000
    4306666	9444146.000
    4308221	9512383.000
    4309793	9514735.000
    4310874	9580441.000
    4312609	9643687.000
    4314395	9667740.000
    4315834	9730074.000
    4317458	9792920.000
    4319351	9851715.000
    4320931	9894568.000
    4331560	10034907.000
    4333851	10058903.000
    4335372	10129228.000
    4337013	10215275.000
    4338956	10296741.000
    4342403	10304758.000
    4342688	10317190.000
    4344064	10392174.000
    4345772	10462794.000
    4347390	10532377.000
    4349122	10552243.000
    4349692	10584038.000
    4350529	10604516.000
    4351139	10647092.000
    4352183	10702182.000
    4353938	10718085.000
    4355013	10773856.000
    4356622	10795833.000
    4357645	10849628.000
    4359283	10870300.000
    4359940	10922506.000
    4361580	10953185.000
    4362759	10991470.000
    4364027	11038643.000
    4365669	11075705.000
    4367093	11101607.000
    4369684	11141076.000
    4371328	11176703.000
    4373037	11214779.000
    4374965	11220062.000
    4418087	11351596.000
    4419938	11467279.000
    4421894	11554000.000
    4423534	11638073.000
    4425163	11721762.000
    4426797	11801190.000
    4428487	11821041.000
    4430131	11890498.000
    4431721	11957596.000
    4433351	12021400.000
    4435020	12076963.000
    4436442	12137746.000
    4438064	12190043.000
    4440253	12245818.000
    4441829	12304517.000
    4443450	12336680.000
    4444491	12392926.000
    4446245	12424959.000
    4457360	12514087.000
    4458820	12592107.000
    4460400	12646209.000
    4461562	12718765.000
    4463111	12789985.000
    4464664	12859143.000
    4466245	12938000.000
    4469911	12939184.000
    4470029	12958958.000
    4471316	13019366.000
    4472869	13056363.000
    4473976	13115230.000
    4475566	13169335.000
    4477184	13215796.000
    4478531	13250321.000
    4480173	13303882.000
    4481782	13357273.000
    4483412	13412043.000
    4485091	13418000.000
    4490482	13539117.000
    4492222	13546597.000
    4492752	13548980.000
    4492939	13654498.000
    4494574	13750600.000
    4496177	13847750.000
    4497806	13944152.000
    4499409	14011509.000
    4502857	14027287.000
    4503276	14105943.000
    4504907	14195774.000
    4506475	14284490.000
    4508067	14383360.000
    4509767	14471594.000
    4511377	14488532.000
    4512254	14554625.000
    4513532	14632057.000
    4515148	14704016.000
    4516755	14765910.000
    4518178	14839956.000
    4519907	14917150.000
    4522026	14922902.000
    4542399	14960477.000
    4543146	15050985.000
    4544933	15135650.000
    4546723	15211579.000
    4548269	15285355.000
    4549834	15355712.000
    4551371	15422296.000
    4552963	15426538.000
    4553221	15490719.000
    4555266	15552284.000
    4556924	15614090.000
    4558514	15674567.000
    4560132	15724942.000
    4562482	15728966.000
    4563159	15745929.000
    4563988	15745929.000
    4564504	15745929.000
    4565426	15770184.000
    4566756	15770187.000
    4569515	15770187.000
    4578864	15864280.000
    4580993	15950919.000
    4582566	16031878.000
    4584138	16110803.000
    4586273	16183618.000
    4588486	16195776.000
    4589595	16263232.000
    4591182	16311278.000
    4592815	16374060.000
    4596140	16379597.000
    4597188	16418717.000
    4602234	16473679.000
    4603771	16527470.000
    4605337	16550250.000
    4669259	16610888.000
    4670478	16633392.000
    4670972	16736430.000
    4672706	16835044.000
    4674320	16930302.000
    4675955	17018550.000
    4677556	17103889.000
    4679994	17183347.000
    4681613	17260578.000
    4683215	17336455.000
    4684816	17409554.000
    4686453	17481386.000
    4688061	17550981.000
    4689657	17559472.000
    4690650	17625123.000
    4692242	17675923.000
    4694163	17692167.000
    4695885	17695675.000
    4696169	17710212.000
    4710642	17797598.000
    4712307	17876410.000
    4713856	17951543.000
    4715581	17957146.000
    4715916	17957146.000
    4716093	17966898.000
    4717598	17989462.000
    4718820	17989735.000
    4719250	17989773.000
    4719399	18042324.000
    4721266	18098405.000
    4722792	18151967.000
    4724227	18205031.000
    4725712	18265783.000
    4727642	18325190.000
    4729383	18382763.000
    4731077	18408461.000
    4732680	18462236.000
    4734534	18514667.000
    4736263	18565852.000
    4738030	18608375.000
    4747127	18703071.000
    4748818	18795001.000
    4750476	18880734.000
    4752155	18950558.000
    4755324	18994309.000
    4756788	19058566.000
    4758168	19119797.000
    4759533	19180885.000
    4760932	19240502.000
    4762325	19298208.000
    4763764	19353354.000
    4766499	19361494.000
    4767283	19404370.000
    4768594	19454531.000
    4770042	19503673.000
    4771492	19551250.000
    4772900	19598410.000
    4774328	19644280.000
    4775733	19689416.000
    4777154	19733802.000
    4778572	19741592.000
    4778937	19748689.000
    4787410	19816036.000
    4788790	19888300.000
    4790438	19953298.000
    4792080	20012618.000
    4793673	20067366.000
    4795264	20085742.000
    4807242	20173866.000
    4808832	20258393.000
    4810415	20274329.000
    4811147	20355081.000
    4812895	20359616.000
    4813381	20435292.000
    4816130	20507770.000
    4817779	20557599.000
    4821306	20624034.000
    4823025	20688027.000
    4824748	20715178.000
    4827176	20723145.000
    4828166	20783120.000
    4829848	20841550.000
    4831542	20909859.000
    4833517	20932835.000
    4841275	20946400.000
    4844636	21001972.000
    4846228	21032409.000
    4847196	21074202.000
    4848902	21129510.000
    4850484	21149069.000
    4856847	21245176.000
    4858939	21323790.000
    4860558	21392219.000
    4862194	21454607.000
    4863747	21513449.000
    4865325	21568491.000
    4866894	21578854.000
    4867597	21593249.000
    4868310	21643582.000
    4869957	21689619.000
    4871585	21733874.000
    4873177	21777305.000
    4874779	21819107.000
    4876424	21826866.000
    4876866	21867063.000
    4878535	21869828.000
    4879401	21906860.000
    4881170	21942621.000
    4882811	21978076.000
    4884530	22006038.000
    4931471	22109611.000
    4933043	22181452.000
    4934366	22275087.000
    4936049	22364669.000
    4937720	22450521.000
    4939394	22532814.000
    4941045	22549337.000
    4942333	22625355.000
    4943991	22699388.000
    4946272	22771069.000
    4947962	22842750.000
    4949762	22915626.000
    4951614	22952964.000
    4952971	23026325.000
    4954863	23099566.000
    4956846	23173337.000
    4959014	23247425.000
    4961076	23322008.000
    4963194	23397548.000
    4965571	23417353.000
    4982782	23417430.000
    4983033	23417519.000
    4983392	23496974.000
    4986562	23573825.000
    4988219	23648628.000
    4989873	23720977.000
    4991540	23773388.000
    4993066	23825282.000
    4994520	23892533.000
    4996269	23957904.000
    4997949	24021499.000
    4999655	24084165.000
    5001324	24151431.000
    5003665	24209599.000
    5005400	24266392.000
    5007115	24321807.000
    5008782	24348903.000
    5012172	24400149.000
    5013816	24450980.000
    5030910	24549798.000
    5035540	24639240.000
    5037421	24726020.000
    5039138	24763974.000
    5040369	24846146.000
    5042100	24925770.000
    5043857	25003927.000
    5045659	25080665.000
    5047476	25156426.000
    5049429	25159107.000
    5049674	25213463.000
    5051465	25280812.000
    5053253	25345409.000
    5055151	25409750.000
    5056896	25473596.000
    5058659	25475608.000
    5058782	25538133.000
    5060581	25567483.000
    5097064	25567576.000
    5097216	25567719.000
    5100370	25572291.000
    5100631	25593367.000
    5101364	25673735.000
    5102828	25752408.000
    5104391	25828576.000
    5105906	25886267.000
    5107410	25958374.000
    5108976	26029777.000
    5110640	26099580.000
    5112309	26167853.000
    5113928	26236377.000
    5115585	26302794.000
    5117238	26335109.000
    5118405	26398433.000
    5120057	26460289.000
    5121766	26518857.000
    5123458	26522346.000
    5123670	26580003.000
    5125333	26636492.000
    5126982	26691462.000
    5128683	26699162.000
    5129449	26751141.000
    5131112	26802990.000
    5132796	26821718.000
    5139555	26841614.000
    5139975	26843321.000
    5140095	26944356.000
    5141791	27042340.000
    5143568	27055614.000
    5163083	27150036.000
    5164826	27266816.000
    5167232	27378927.000
    5169533	27457884.000
    5171276	27515529.000
    5172962	27611810.000
    5175209	27705770.000
    5177479	27715993.000
    5177844	27807502.000
    5180064	27889013.000
    5182126	27931680.000
    5184796	28011066.000
    5186970	28089202.000
    5189123	28123511.000
    5201408	28158986.000
    5202281	28233263.000
    5203822	28306687.000
    5205416	28310985.000
    5205664	28386320.000
    5207435	28445185.000
    5311723	28527495.000
    5313417	28591038.000
    5314820	28594229.000
    5315282	28669042.000
    5316969	28738306.000
    5318796	28806454.000
    5321208	28844472.000
    5340848	28946476.000
    5342768	29060302.000
    5345060	29168272.000
    5347525	29246790.000
    5349685	29327870.000
    5351553	29422193.000
    5355398	29501051.000
    5357590	29561158.000
    5359308	29588908.000
    5360887	29646302.000
    5362552	29703136.000
    5364240	29757027.000
    5365901	29810700.000
    5383216	29897056.000
    5384905	29900852.000
    5390521	30006379.000
    5392233	30112728.000
    5394161	30193229.000
    5395823	30278379.000
    5397593	30362220.000
    5399438	30408107.000
    5403705	30432107.000
    5404435	30467586.000
    5406993	30532544.000
    5408667	30595624.000
    5410703	30608528.000
    5413188	30680737.000
    5415136	30693824.000
    5415514	30734250.000
    5416669	30808557.000
    5418784	30874897.000
    5452977	30889853.000
    5454185	30977580.000
    5455786	31062881.000
    5457367	31146335.000
    5458954	31163484.000
    5461136	31173587.000
    5461800	31250339.000
    5463404	31324157.000
    5467089	31394434.000
    5468764	31462535.000
    5470297	31528051.000
    5471865	31529628.000
    5472250	31615581.000
    5474358	31699784.000
    5476397	31799916.000
    5490134	31903170.000
    5492190	32029694.000
    5494211	32136457.000
    5506727	32259083.000
    5509226	32372797.000
    5511446	32481900.000
    5513691	32504290.000
    5514792	32562046.000
    5516927	32616739.000
    5518257	32719158.000
    5520944	32748468.000
    5521817	32810003.000
    5523315	32903519.000
    5525546	32978546.000
    5527576	33073888.000
    5529996	33139421.000
    5531774	33236976.000
    5534486	33295437.000
    5536103	33351630.000
    5537796	33373087.000
    5538732	33381270.000
    5547347	33438828.000
    5548734	33546630.000
    5552340	33633794.000
    5553989	33718159.000
    5555569	33790272.000
    5557170	33866238.000
    5558786	33980714.000
    5561124	34074945.000
    5563210	34135405.000
    5566805	34199366.000
    5568506	34295361.000
    5570947	34295987.000
    5571010	34380097.000
    5573255	34432649.000
    5582718	34442763.000
    5583560	34569538.000
    5586132	34650959.000
    5587977	34727461.000
    5592674	34741919.000
    5593452	34780435.000
    5594935	34861370.000
    5597376	34948541.000
    5600152	35003407.000
    5602166	35006560.000
    5602489	35045412.000
    5604208	35111628.000
    5606932	35170153.000
    5609166	35243135.000
    5624615	35336361.000
    5626328	35417917.000
    5628074	35491015.000
    5629697	35559496.000
    5631432	35625047.000
    5634558	35631976.000
    5635263	35691219.000
    5636961	35748455.000
    5638643	35804751.000
    5640345	35859005.000
    5642025	35911532.000
    5643650	35975385.000
    5645742	36034523.000
    5647658	36092238.000
    5649547	36124847.000
    5673688	36268083.000
    5676312	36347579.000
    5678066	36442795.000
    5680212	36531685.000
    5682342	36617495.000
    5685335	36638438.000
    5686825	36694875.000
    5688538	36761779.000
    5691403	36815275.000
    5693183	36879964.000
    5695624	36924588.000
    5697262	36970800.000
    5699015	37038555.000
    5713290	37091625.000
    5714899	37141876.000
    5716486	37189028.000
    5718034	37234579.000
    5719787	37279196.000
    5721406	37321794.000
    5722969	37363650.000
    5724569	37404463.000
    5726212	37444045.000
    5727853	37482682.000
    5729488	37520810.000
    5731219	37558705.000
    5732891	37597738.000
    5734599	37638284.000
    5736455	37651954.000
    5771067	37652280.000
    5771236	37680410.000
    5772182	37713185.000
    5773240	37753822.000
    5774735	37757101.000
    5776528	37852773.000
    5779483	37959145.000
    5788865	38086535.000
    5790643	38213209.000
    5792568	38322190.000
    5794471	38422429.000
    5796292	38492793.000
    5797844	38545320.000
    5799646	38628986.000
    5801407	38708782.000
    5803190	38785613.000
    5804905	38860548.000
    5806625	38933829.000
    5808384	38984137.000
    5809919	39050637.000
    5811636	39110028.000
    5813191	39168871.000
    5814861	39197646.000
    5882409	39290456.000
    5885150	39349291.000
    5886529	39390839.000
    5893209	39471588.000
    5895421	39485227.000
    5897566	39546378.000
    5901899	39604944.000
    5903839	39685810.000
    5906193	39756396.000
    5925074	39874624.000
    5926758	39991461.000
    5928545	40107451.000
    5930454	40215194.000
    5951074	40232300.000
    5951323	40349352.000
    5952902	40457764.000
    5954541	40582385.000
    5956506	40712528.000
    5958875	40857936.000
    5961752	41061246.000
    5965612	41147228.000
    5967402	41196724.000
    5968764	41286991.000
    5970715	41357781.000
    5972686	41429374.000
    5974335	41502787.000
    5976151	41569182.000
    5984944	41701535.000
    5986690	41836405.000
    5989139	41945826.000
    5990823	42054193.000
    5992635	42154672.000
    5994609	42174792.000
    5995343	42278895.000
    5997236	42381750.000
    5999309	42480472.000
    6001216	42516842.000
    6002428	42596563.000
    6004106	42647230.000
    6006654	42652464.000
    6006829	42739784.000
    6008771	42752950.000
    6009469	42831548.000
    6011292	42872101.000
    6029504	43034012.000
    6031673	43201018.000
    6034050	43339438.000
    6036139	43380172.000
    6038897	43523974.000
    6041304	43525635.000
    6074383	43575569.000
    6075283	43733776.000
    6077725	43901094.000
    6080164	43994986.000
    6081608	44142723.000
    6084190	44167533.000
    6084635	44171858.000
    6085577	44276196.000
    6087360	44381685.000
    6089194	44410762.000
    6089826	44415116.000
    6090005	44511538.000
    6091797	44529310.000
    6092186	44628349.000
    6094990	44643853.000
    6095382	44731635.000
    6097152	44811994.000
    6098884	44883565.000
    6100945	44886080.000
    6124091	45207924.000
    6126176	45495854.000
    6128133	45788836.000
    6130205	45870886.000
    6131192	45963117.000
    6132527	45983210.000
    6135174	46188082.000
    6136914	46369139.000
    6138455	46545744.000
    6140000	46592592.000
    6141031	46657306.000
    6142383	46680481.000
    6143220	46746943.000
    6144943	46813108.000
    6146631	46885199.000
    6178516	46976469.000
    6180213	47056176.000
    6182002	47147596.000
    6183837	47242444.000
    6185729	47326849.000
    6187464	47327050.000
    6188841	47327614.000
    6188952	47350348.000
    6189783	47353251.000
    6190018	47465536.000
    6192535	47516555.000
    6193788	47590131.000
    6196181	47669470.000
    6198138	47702325.000
    6199310	47741700.000
    6201109	47821186.000
    6203289	47840633.000
    6204618	47900763.000
    6215753	48005924.000
    6217429	48097920.000
    6219055	48192350.000
    6220778	48289809.000
    6222629	48350620.000
    6223819	48439503.000
    6225613	48458355.000
    6226336	48540941.000
    6228197	48633104.000
    6230166	48708337.000
    6231974	48775139.000
    6233502	48845694.000
    6235827	48885001.000
    6237085	48930073.000
    6238285	49025181.000
    6240596	49090367.000
    6242246	49153454.000
    6243884	49184246.000
    6244795	49222876.000
