    3456966	311284.000
    3462572	414530.000
    3462974	451558.000
    3463160	688755.000
    3473497	752869.000
    3475009	1139989.000
    3476690	1396823.000
    3477653	1787322.000
    3478931	2173095.000
    3480265	2562367.000
    3481597	2950239.000
    3482888	3036238.000
    3560705	3343774.000
    3561879	3661664.000
    3562588	4372102.000
    3563667	5513828.000
    3565349	6674391.000
    3568262	7463026.000
    3569533	7800553.000
    3608637	8258545.000
    3612426	9277551.000
    3613919	10296067.000
    3616549	11170670.000
    3618590	12199115.000
    3620163	13234160.000
    3622710	14268002.000
    3624311	15305955.000
    3626759	16336634.000
    3628852	17378060.000
    3630491	18340803.000
    3632098	19169047.000
    3651430	20190834.000
    3652906	21230112.000
    3654328	22274035.000
    3656766	23311798.000
    3658288	24347221.000
    3659837	25399304.000
    3661917	26453438.000
    3663449	27506389.000
    3664978	28558031.000
    3666631	28624577.000
    3667076	29972019.000
    3669028	30587912.000
    3673448	31392089.000
    3674981	32199684.000
    3676502	33001281.000
    3678030	33801733.000
    3699658	34646737.000
    3701040	35532416.000
    3702518	36742653.000
    3704478	37671288.000
    3705981	38137475.000
    3736290	38999618.000
    3737674	39885751.000
    3740478	40835761.000
    3741925	41802614.000
    3743434	42780282.000
    3745574	43403015.000
    3750718	44297753.000
    3752651	44960185.000
    3753818	46139813.000
    3755642	47146784.000
    3757412	47304308.000
    3758305	48332834.000
    3760347	48727929.000
    3760992	49766333.000
    3773597	50636437.000
    3775186	51706595.000
    3776940	52633272.000
    3778481	53570868.000
    3780050	54518944.000
    3781685	55474180.000
    3783320	55502768.000
    3784283	56471460.000
    3785921	57444517.000
    3787597	58423261.000
    3789307	59411434.000
    3791055	60408348.000
    3792794	61421916.000
    3795378	62416982.000
    3797076	63417627.000
    3798781	63742740.000
    3800295	63932564.000
    3800731	63982890.000
    3818186	65066499.000
    3820124	66011263.000
    3821672	66968884.000
    3823240	67933960.000
    3824840	68703222.000
    3826800	69679620.000
    3828436	70658577.000
    3830067	71645284.000
    3831706	72636045.000
    3833617	73634549.000
    3835359	74057552.000
    3837999	74750109.000
    3839423	75757738.000
    3841118	76390384.000
    3842971	76601060.000
    3879090	76601480.000
    3879271	76767385.000
    3879696	76893135.000
    3880168	77607608.000
    3881808	78232770.000
    3883323	78866832.000
    3885064	79412450.000
    3886998	79937525.000
    3888292	80458646.000
    3889591	80512199.000
    3891742	81300951.000
    3893996	81758824.000
    3896329	82559299.000
    3898889	83059336.000
    3902563	83727533.000
    3929246	84432288.000
    3959919	84780181.000
    3962329	85405766.000
    3963845	86057120.000
    3965515	86488519.000
    3966875	87163665.000
    3968431	87513131.000
    3970559	88211140.000
    3972190	88316655.000
    3974223	89023736.000
    3975967	89721849.000
    3977621	89769783.000
    3978550	90372371.000
    3979980	90922089.000
    3987623	91011060.000
    3987960	91022188.000
    3988151	91098382.000
    3988549	91591820.000
    3989878	92277348.000
    3991500	93000444.000
    3993341	93284124.000
    3994187	93664304.000
    3995282	93775540.000
    3995598	94548457.000
    3997855	94701879.000
    3999157	94749998.000
    3999349	95416098.000
    4000934	95781092.000
    4057163	96025484.000
    4057904	96185217.000
    4058767	96387122.000
    4059598	96652781.000
    4060345	96944063.000
    4061291	97447195.000
    4062538	97672096.000
    4063204	97934359.000
    4076180	97947046.000
    4076922	97991901.000
    4077461	98251412.000
    4078033	98317654.000
    4078521	98931219.000
    4080073	99098961.000
    4081163	99534022.000
    4082277	99895971.000
    4084647	100213285.000
    4085920	100614802.000
    4086989	101030256.000
    4088081	101495844.000
    4089323	101970445.000
    4090566	102019421.000
    4090781	102492622.000
    4092548	103110692.000
    4094113	103569608.000
    4095300	104163810.000
    4097382	104792926.000
    4098981	105275409.000
    4100152	105305250.000
    4100324	105362106.000
    4100516	105394628.000
    4100679	105406675.000
    4100782	105448449.000
    4100999	105464715.000
    4101146	105542088.000
    4101435	105583222.000
    4101622	105634919.000
    4101836	105663347.000
    4102050	105750897.000
    4102319	105845015.000
    4102720	105890286.000
    4102920	106080222.000
    4103476	106157540.000
    4142624	106196912.000
    4142960	106698197.000
    4144181	107291490.000
    4145444	107661298.000
    4146375	108538744.000
    4149043	108568760.000
    4149386	109517904.000
    4151128	109689821.000
    4152189	110736959.000
    4153779	111796163.000
    4155399	112879562.000
    4157000	113957913.000
    4158692	115073548.000
    4160298	116214431.000
    4161957	116535632.000
    4163116	117730868.000
    4164712	118340143.000
    4167138	118989274.000
    4178674	119465194.000
    4179894	120092163.000
    4181262	120215599.000
    4183167	121107856.000
    4184740	121660541.000
    4185716	122637598.000
    4187235	123241345.000
    4188201	123392877.000
    4188520	123631377.000
    4189809	123668424.000
    4190821	124736239.000
    4192384	125817250.000
    4193934	127065253.000
    4195659	128218830.000
    4197222	129366961.000
    4212739	129817929.000
    4214259	130420313.000
    4215769	131124284.000
    4217382	131900780.000
    4219298	132725357.000
    4220902	133560898.000
    4223126	133777203.000
    4244429	133946507.000
    4244993	134044684.000
    4245355	134829303.000
    4247330	134863564.000
    4249789	135002408.000
    4256575	136065454.000
    4258096	136558248.000
    4259369	137676490.000
    4263176	138855460.000
    4264821	139127034.000
    4265657	140133462.000
    4267040	141069314.000
    4268516	142306085.000
    4270108	143540415.000
    4271702	144784356.000
    4273310	145828200.000
    4274666	146818910.000
    4276302	146968331.000
    4276719	146968830.000
    4294584	147400321.000
    4296189	148047867.000
    4298068	148047905.000
    4298430	148182107.000
    4299224	149013055.000
    4300871	149885729.000
    4302508	150949897.000
    4305019	151896732.000
    4306666	152867075.000
    4308221	153865849.000
    4309793	153901805.000
    4310874	154988374.000
    4312609	156097282.000
    4314395	156544167.000
    4315834	157704466.000
    4317458	158860357.000
    4319351	160043961.000
    4320931	160997947.000
    4331560	161464221.000
    4333851	161650276.000
    4335372	162301099.000
    4337013	163194809.000
    4338956	164142743.000
    4342403	164246009.000
    4342688	164408675.000
    4344064	165495166.000
    4345772	166596227.000
    4347390	167729362.000
    4349122	168080431.000
    4349692	168654940.000
    4350529	169020880.000
    4351139	169763943.000
    4352183	170834836.000
    4353938	171173929.000
    4355013	172412796.000
    4356622	172933672.000
    4357645	174205696.000
    4359283	174712142.000
    4359940	176005529.000
    4361580	176852974.000
    4362759	177901468.000
    4364027	179213145.000
    4365669	180336016.000
    4367093	181161999.000
    4369684	182500920.000
    4371328	183847864.000
    4373037	185389266.000
    4374965	185607625.000
    4418087	186204631.000
    4419938	187096400.000
    4421894	187973546.000
    4423534	188924339.000
    4425163	189918841.000
    4426797	190962330.000
    4428487	191258041.000
    4430131	192370836.000
    4431721	193497885.000
    4433351	194647507.000
    4435020	195682678.000
    4436442	196859875.000
    4438064	197942869.000
    4440253	199173563.000
    4441829	200395539.000
    4443450	201095274.000
    4444491	202346791.000
    4446245	203082711.000
    4457360	203908936.000
    4458820	204907631.000
    4460400	205733518.000
    4461562	206855847.000
    4463111	208016853.000
    4464664	209201243.000
    4466245	210576027.000
    4469911	210599865.000
    4470029	211025483.000
    4471316	212301191.000
    4472869	213087082.000
    4473976	214377480.000
    4475566	215679574.000
    4477184	216762535.000
    4478531	217613973.000
    4480173	218931580.000
    4481782	220249829.000
    4483412	221572909.000
    4485091	221731011.000
    4490482	222510971.000
    4492222	222572641.000
    4492752	222594654.000
    4492939	223517772.000
    4494574	224507009.000
    4496177	225541658.000
    4497806	226591442.000
    4499409	227430300.000
    4502857	227667510.000
    4503276	228814693.000
    4504907	229964789.000
    4506475	231125950.000
    4508067	232294680.000
    4509767	233488048.000
    4511377	233725578.000
    4512254	234714784.000
    4513532	235964307.000
    4515148	237228354.000
    4516755	238514115.000
    4518178	239752765.000
    4519907	240971088.000
    4522026	241119157.000
    4542399	241332374.000
    4543146	241912743.000
    4544933	242586395.000
    4546723	243352152.000
    4548269	244157295.000
    4549834	244997697.000
    4551371	245823294.000
    4552963	245881247.000
    4553221	246777185.000
    4555266	247709606.000
    4556924	248649290.000
    4558514	249609045.000
    4560132	250444823.000
    4562482	250517506.000
    4563159	250825615.000
    4563988	250825615.000
    4564504	250825615.000
    4565426	251295753.000
    4566756	251295908.000
    4569515	251295908.000
    4578864	251792082.000
    4580993	252388514.000
    4582566	253053771.000
    4584138	253766599.000
    4586273	254547556.000
    4588486	254818909.000
    4589595	255648825.000
    4591182	256278896.000
    4592815	257154609.000
    4596140	257334697.000
    4597188	257990653.000
    4602234	258980823.000
    4603771	259986947.000
    4605337	260437330.000
    4669259	260584080.000
    4670478	260666091.000
    4670972	261068620.000
    4672706	261534552.000
    4674320	262051483.000
    4675955	262634938.000
    4677556	263255711.000
    4679994	263952038.000
    4681613	264676777.000
    4683215	265438023.000
    4684816	266223057.000
    4686453	267028438.000
    4688061	267862355.000
    4689657	267970495.000
    4690650	268862236.000
    4692242	269843867.000
    4694163	270371006.000
    4695885	270425234.000
    4696169	270644340.000
    4710642	271262622.000
    4712307	271988789.000
    4713856	272764603.000
    4715581	272832022.000
    4715916	272832024.000
    4716093	272951164.000
    4717598	273249446.000
    4718820	273253340.000
    4719250	273253912.000
    4719399	273994309.000
    4721266	274856337.000
    4722792	275737319.000
    4724227	276632474.000
    4725712	277730588.000
    4727642	278840860.000
    4729383	279968739.000
    4731077	280480961.000
    4732680	281645922.000
    4734534	282821338.000
    4736263	284014851.000
    4738030	285064078.000
    4747127	285488022.000
    4748818	286009290.000
    4750476	286604559.000
    4752155	287310598.000
    4755324	287712838.000
    4756788	288384941.000
    4758168	289078365.000
    4759533	289799607.000
    4760932	290548989.000
    4762325	291325828.000
    4763764	292128407.000
    4766499	292256032.000
    4767283	292959475.000
    4768594	293812507.000
    4770042	294696006.000
    4771492	295594399.000
    4772900	296506021.000
    4774328	297434479.000
    4775733	298376980.000
    4777154	299329349.000
    4778572	299497269.000
    4778937	299660003.000
    4787410	300263611.000
    4788790	301148110.000
    4790438	302129095.000
    4792080	303199273.000
    4793673	304352993.000
    4795264	304775780.000
    4807242	305347609.000
    4808832	305968682.000
    4810415	306101071.000
    4811147	306800802.000
    4812895	306845267.000
    4813381	307617795.000
    4816130	308440168.000
    4817779	309004424.000
    4821306	309875909.000
    4823025	310768592.000
    4824748	311168783.000
    4827176	311302960.000
    4828166	312319482.000
    4829848	313343592.000
    4831542	314524556.000
    4833517	314924895.000
    4841275	315017445.000
    4844636	315732098.000
    4846228	316187881.000
    4847196	316857472.000
    4848902	317878775.000
    4850484	318273171.000
    4856847	318732200.000
    4858939	319477672.000
    4860558	320348032.000
    4862194	321310912.000
    4863747	322333670.000
    4865325	323409154.000
    4866894	323637321.000
    4867597	323963788.000
    4868310	325129925.000
    4869957	326342363.000
    4871585	327574720.000
    4873177	328820692.000
    4874779	330079318.000
    4876424	330326912.000
    4876866	331610014.000
    4878535	331703811.000
    4879401	333033050.000
    4881170	334376745.000
    4882811	335742526.000
    4884530	336863394.000
    4931471	337300058.000
    4933043	337735468.000
    4934366	338372331.000
    4936049	339087774.000
    4937720	339853488.000
    4939394	340632340.000
    4941045	340800158.000
    4942333	341689628.000
    4943991	342620348.000
    4946272	343557411.000
    4947962	344488500.000
    4949762	345427893.000
    4951614	345908749.000
    4952971	346845657.000
    4954863	347783700.000
    4956846	348720336.000
    4959014	349650564.000
    4961076	350591258.000
    4963194	351529604.000
    4965571	351776515.000
    4982782	351777364.000
    4983033	351778581.000
    4983392	352488515.000
    4986562	353322178.000
    4988219	354180949.000
    4989873	355062224.000
    4991540	355734836.000
    4993066	356466756.000
    4994520	357437014.000
    4996269	358433066.000
    4997949	359442960.000
    4999655	360485799.000
    5001324	361647027.000
    5003665	362733463.000
    5005400	363827528.000
    5007115	364946781.000
    5008782	365502640.000
    5012172	366674423.000
    5013816	367848382.000
    5030910	368253584.000
    5035540	368831267.000
    5037421	369476158.000
    5039138	369788286.000
    5040369	370531937.000
    5042100	371322730.000
    5043857	372136992.000
    5045659	372987185.000
    5047476	373874585.000
    5049429	373882361.000
    5049674	374698513.000
    5051465	375777891.000
    5053253	376887037.000
    5055151	378030068.000
    5056896	379191576.000
    5058659	379229627.000
    5058782	380433783.000
    5060581	381029263.000
    5097064	381029579.000
    5097216	381030138.000
    5100370	381070475.000
    5100631	381262779.000
    5101364	382086641.000
    5102828	382977570.000
    5104391	383912308.000
    5105906	384674418.000
    5107410	385712351.000
    5108976	386809068.000
    5110640	387939222.000
    5112309	389110746.000
    5113928	390300917.000
    5115585	391509081.000
    5117238	392126159.000
    5118405	393374226.000
    5120057	394642988.000
    5121766	395936952.000
    5123458	396017386.000
    5123670	397356180.000
    5125333	398717450.000
    5126982	400101000.000
    5128683	400299855.000
    5129449	401703642.000
    5131112	403105062.000
    5132796	403623024.000
    5139555	403739172.000
    5139975	403750637.000
    5140095	404411981.000
    5141791	405151228.000
    5143568	405269416.000
    5163083	405931994.000
    5164826	407003332.000
    5167232	408192648.000
    5169533	409143267.000
    5171276	409889903.000
    5172962	411304323.000
    5175209	412768314.000
    5177479	412941276.000
    5177844	414468339.000
    5180064	415905112.000
    5182126	416688970.000
    5184796	418372233.000
    5186970	420087647.000
    5189123	420859211.000
    5201408	421267227.000
    5202281	422219622.000
    5203822	423212120.000
    5205416	423276587.000
    5205664	424417609.000
    5207435	425344804.000
    5311723	426318134.000
    5313417	427158942.000
    5314820	427203720.000
    5315282	428274652.000
    5316969	429401614.000
    5318796	430542474.000
    5321208	431218685.000
    5340848	432215618.000
    5342768	433464015.000
    5345060	434819725.000
    5347525	435909491.000
    5349685	437111405.000
    5351553	438592198.000
    5355398	440322666.000
    5357590	441604071.000
    5359308	442227686.000
    5360887	443546744.000
    5362552	444873366.000
    5364240	446247076.000
    5365901	447635868.000
    5383216	448436314.000
    5384905	448475362.000
    5390521	448987209.000
    5392233	449768291.000
    5394161	450502071.000
    5395823	451369841.000
    5397593	452321377.000
    5399438	452893259.000
    5403705	453251520.000
    5404435	453788889.000
    5406993	454840091.000
    5408667	455923043.000
    5410703	456160706.000
    5413188	457533222.000
    5415136	457796715.000
    5415514	458602708.000
    5416669	460137544.000
    5418784	461570139.000
    5452977	461823325.000
    5454185	462606219.000
    5455786	463446489.000
    5457367	464342883.000
    5458954	464543017.000
    5461136	464672802.000
    5461800	465663939.000
    5463404	466687935.000
    5467089	467753383.000
    5468764	468841694.000
    5470297	469938241.000
    5471865	469966816.000
    5472250	471467843.000
    5474358	472979039.000
    5476397	474870784.000
    5490134	475587962.000
    5492190	476857099.000
    5494211	478274900.000
    5506727	478793849.000
    5509226	479994748.000
    5511446	481480830.000
    5513691	481831416.000
    5514792	482677659.000
    5516927	483567333.000
    5518257	485255595.000
    5520944	485775115.000
    5521817	486946763.000
    5523315	488788348.000
    5525546	490301662.000
    5527576	492406830.000
    5529996	493969932.000
    5531774	496363143.000
    5534486	497807469.000
    5536103	499257848.000
    5537796	499830272.000
    5538732	500052718.000
    5547347	500334266.000
    5548734	501109104.000
    5552340	502132851.000
    5553989	503198988.000
    5555569	504230446.000
    5557170	505386917.000
    5558786	507199840.000
    5561124	508847224.000
    5563210	509973680.000
    5566805	511327845.000
    5568506	513421933.000
    5570947	513435727.000
    5571010	515361735.000
    5573255	516633554.000
    5582718	516738097.000
    5583560	518364510.000
    5586132	519760017.000
    5587977	521187280.000
    5592674	521522137.000
    5593452	522400982.000
    5594935	524514915.000
    5597376	527027686.000
    5600152	528719458.000
    5602166	528822429.000
    5602489	530101111.000
    5604208	532389013.000
    5606932	534484851.000
    5609166	537166913.000
    5624615	537937472.000
    5626328	538903227.000
    5628074	539971618.000
    5629697	541103350.000
    5631432	542295766.000
    5634558	542439668.000
    5635263	543720881.000
    5636961	545020566.000
    5638643	546359364.000
    5640345	547714180.000
    5642025	549080638.000
    5643650	550796941.000
    5645742	552461549.000
    5647658	554141904.000
    5649547	555127395.000
    5673688	556320526.000
    5676312	557389340.000
    5678066	558867986.000
    5680212	560479908.000
    5682342	562227320.000
    5685335	562719785.000
    5686825	564128230.000
    5688538	565954776.000
    5691403	567563574.000
    5693183	569616420.000
    5695624	571137705.000
    5697262	572760402.000
    5699015	575184152.000
    5713290	576488537.000
    5714899	577841807.000
    5716486	579228780.000
    5718034	580633432.000
    5719787	582080245.000
    5721406	583556751.000
    5722969	585043623.000
    5724569	586533114.000
    5726212	588032808.000
    5727853	589552819.000
    5729488	591083955.000
    5731219	592629617.000
    5732891	594271896.000
    5734599	596009702.000
    5736455	596606523.000
    5771067	596615563.000
    5771236	597348523.000
    5772182	598239562.000
    5773240	599374438.000
    5774735	599465159.000
    5776528	602457700.000
    5779483	605938776.000
    5788865	606416314.000
    5790643	607262835.000
    5792568	608262114.000
    5794471	609368399.000
    5796292	610245809.000
    5797844	610961051.000
    5799646	612224122.000
    5801407	613511680.000
    5803190	614812568.000
    5804905	616149553.000
    5806625	617531969.000
    5808384	618515454.000
    5809919	619874802.000
    5811636	621118650.000
    5813191	622397273.000
    5814861	623046688.000
    5882409	624152560.000
    5885150	625017828.000
    5886529	625665349.000
    5893209	627398846.000
    5895421	627708749.000
    5897566	629199972.000
    5901899	630744125.000
    5903839	632935413.000
    5906193	634916884.000
    5925074	635415663.000
    5926758	636123907.000
    5928545	636970862.000
    5930454	637859852.000
    5951074	637944294.000
    5951323	638587057.000
    5952902	639357402.000
    5954541	640423317.000
    5956506	641710236.000
    5958875	643366757.000
    5961752	645992122.000
    5965612	647244233.000
    5967402	647997057.000
    5968764	649441215.000
    5970715	650642018.000
    5972686	651912255.000
    5974335	653272976.000
    5976151	654566840.000
    5984944	655211595.000
    5986690	656082686.000
    5989139	656980952.000
    5990823	657994920.000
    5992635	659027875.000
    5994609	659258859.000
    5995343	660508056.000
    5997236	661820131.000
    5999309	663139596.000
    6001216	663656760.000
    6002428	664829744.000
    6004106	665614217.000
    6006654	665703333.000
    6006829	667170603.000
    6008771	667409195.000
    6009469	668871999.000
    6011292	669658538.000
    6029504	670452167.000
    6031673	671456543.000
    6034050	672454184.000
    6036139	672788665.000
    6037996	673044907.000
    6038897	674433258.000
    6041304	674451012.000
    6074383	674729516.000
    6075283	675682863.000
    6077725	676842561.000
    6080164	677598344.000
    6081608	678876478.000
    6084190	679103228.000
    6084635	679144342.000
    6085577	680189336.000
    6087360	681298511.000
    6089194	681626195.000
    6089826	681674807.000
    6090005	682768543.000
    6091797	682987513.000
    6092186	684204423.000
    6094990	684419226.000
    6095382	685618024.000
    6097152	686777838.000
    6098884	687842570.000
    6100945	687882154.000
    6124091	688981898.000
    6126176	690065661.000
    6128133	691305693.000
    6130205	691680838.000
    6131192	692128370.000
    6132527	692229485.000
    6135174	693421636.000
    6136914	694511789.000
    6138455	695621164.000
    6140000	695927286.000
    6141031	696396583.000
    6142383	696816775.000
    6143220	698006294.000
    6144943	699245922.000
    6146631	700649112.000
    6178516	701626664.000
    6180213	702539107.000
    6182002	703629947.000
    6183837	704835613.000
    6185729	705972230.000
    6187464	705975310.000
    6188841	705984062.000
    6188952	706336292.000
    6189783	706382538.000
    6190018	708145570.000
    6192535	709022775.000
    6193788	710324176.000
    6196181	711798009.000
    6198138	712433985.000
    6199310	713181311.000
    6201109	714785969.000
    6203289	715193220.000
    6204618	716479886.000
    6215753	717198255.000
    6217429	718002759.000
    6219055	718936543.000
    6220778	719990390.000
    6222629	720695238.000
    6223819	721777935.000
    6225613	722023787.000
    6226336	723107849.000
    6228197	724424387.000
    6230166	725551416.000
    6231974	726599566.000
    6233502	727754558.000
    6235827	728418921.000
    6237085	729210341.000
    6238285	730938049.000
    6240596	732177485.000
    6242246	733426550.000
    6243884	734053678.000
    6244795	734852782.000