    3879090	115.000
    3881808	120359.000
    3883323	235901.000
    3885064	329211.000
    3886998	384970.000
    3888292	440132.000
    3889591	445534.000
    3891742	521583.000
    3893996	563436.000
    3896329	635441.000
    3898889	678662.000
    3902563	731298.000
    3929246	825373.000
    3962329	914716.000
    3963845	999220.000
    3965515	1051019.000
    3966875	1129812.000
    3970559	1201934.000
    3972190	1212386.000
    3974223	1282435.000
    3975967	1353417.000
    3977621	1358202.000
    3978550	1416736.000
    3979980	1469467.000
    3987623	1493220.000
    3988151	1513003.000
    3988549	1620321.000
    3989878	1737549.000
    3991500	1851268.000
    3993341	1893227.000
    3994187	1947310.000
    3995598	2049831.000
    3999349	2129423.000
    4000934	2171315.000
    4057904	2198636.000
    4058767	2229298.000
    4059598	2269072.000
    4060345	2309561.000
    4061291	2378038.000
    4062538	2408242.000
    4063204	2435170.000
    4076180	2440078.000
    4076922	2452499.000
    4078033	2467921.000
    4078521	2597548.000
    4080073	2629692.000
    4081163	2708356.000
    4082277	2771529.000
    4084647	2823259.000
    4085920	2890424.000
    4086989	2953824.000
    4088081	3021477.000
    4089323	3089151.000
    4090566	3095753.000
    4090781	3161014.000
    4092548	3241985.000
    4094113	3311596.000
    4095300	3399684.000
    4097382	3484738.000
    4098981	3547777.000
    4100152	3551631.000
    4100324	3559006.000
    4100516	3563144.000
    4100679	3564608.000
    4100782	3569892.000
    4100999	3571912.000
    4101146	3581846.000
    4101435	3587047.000
    4101622	3593512.000
    4101836	3596971.000
    4102050	3607858.000
    4102319	3619923.000
    4102720	3625564.000
    4102920	3649564.000
    4103476	3659500.000
    4142960	3760925.000
    4144181	3857978.000
    4145444	3910391.000
    4146375	4022904.000
    4149043	4029282.000
    4149386	4134822.000
    4151128	4152116.000
    4152189	4248241.000
    4153779	4343348.000
    4155399	4432702.000
    4157000	4521225.000
    4158692	4605031.000
    4160298	4687272.000
    4161957	4709483.000
    4163116	4784290.000
    4164712	4821533.000
    4167138	4846912.000
    4178674	4961359.000
    4179894	5078079.000
    4181262	5096371.000
    4183167	5206073.000
    4184740	5265935.000
    4185716	5360783.000
    4187235	5413967.000
    4188201	5426750.000
    4188520	5446880.000
    4189809	5449714.000
    4190821	5531395.000
    4192384	5611724.000
    4193934	5700274.000
    4195659	5775212.000
    4197222	5848880.000
    4212739	6007812.000
    4214259	6138106.000
    4215769	6258329.000
    4217382	6371235.000
    4219298	6477278.000
    4220902	6575633.000
    4223126	6597677.000
    4244429	6663329.000
    4244993	6691723.000
    4245355	6877794.000
    4247330	6884852.000
    4256575	6970301.000
    4258096	7007190.000
    4259369	7086901.000
    4263176	7160091.000
    4264821	7175937.000
    4265657	7231896.000
    4267040	7281605.000
    4268516	7345695.000
    4270108	7408812.000
    4271702	7469860.000
    4273310	7520716.000
    4274666	7567420.000
    4276302	7574577.000
    4276719	7574670.000
    4294584	7751006.000
    4296189	7895925.000
    4298068	7895964.000
    4299224	8017297.000
    4300871	8132514.000
    4302508	8258084.000
    4305019	8368344.000
    4306666	8475307.000
    4308221	8577286.000
    4309793	8580918.000
    4310874	8668266.000
    4312609	8753678.000
    4314395	8785191.000
    4315834	8862671.000
    4317458	8940168.000
    4319351	9014775.000
    4320931	9072004.000
    4331560	9333971.000
    4333851	9371697.000
    4335372	9477552.000
    4337013	9600713.000
    4338956	9716740.000
    4342403	9727470.000
    4342688	9744193.000
    4344064	9843073.000
    4345772	9938363.000
    4347390	10028733.000
    4349122	10063067.000
    4349692	10117292.000
    4350529	10151704.000
    4351139	10203688.000
    4352183	10276996.000
    4353938	10298888.000
    4355013	10373502.000
    4356622	10403387.000
    4357645	10474121.000
    4359283	10501428.000
    4359940	10570260.000
    4361580	10611571.000
    4362759	10662793.000
    4364027	10725171.000
    4365669	10774030.000
    4367093	10808292.000
    4369684	10859020.000
    4371328	10907537.000
    4373037	10961787.000
    4374965	10969276.000
    4418087	11198203.000
    4419938	11370099.000
    4421894	11491227.000
    4423534	11601647.000
    4425163	11706854.000
    4426797	11808172.000
    4428487	11834310.000
    4430131	11925818.000
    4431721	12014379.000
    4433351	12100460.000
    4435020	12174091.000
    4436442	12253572.000
    4438064	12320624.000
    4440253	12391293.000
    4441829	12462926.000
    4443450	12501751.000
    4444491	12570408.000
    4446245	12608645.000
    4457360	12770089.000
    4458820	12887469.000
    4460400	12958498.000
    4461562	13047174.000
    4463111	13129675.000
    4464664	13208832.000
    4466245	13295701.000
    4469911	13296874.000
    4470029	13318782.000
    4471316	13383700.000
    4472869	13423557.000
    4473976	13488677.000
    4475566	13551535.000
    4477184	13603304.000
    4478531	13642851.000
    4480173	13702205.000
    4481782	13761121.000
    4483412	13819845.000
    4485091	13826460.000
    4490482	13976647.000
    4492222	13985387.000
    4492752	13988259.000
    4492939	14111180.000
    4494574	14223641.000
    4496177	14329334.000
    4497806	14433312.000
    4499409	14511294.000
    4502857	14530015.000
    4503276	14620538.000
    4504907	14711075.000
    4506475	14800349.000
    4508067	14890124.000
    4509767	14973927.000
    4511377	14990561.000
    4512254	15052509.000
    4513532	15128171.000
    4515148	15196796.000
    4516755	15261706.000
    4518178	15337477.000
    4519907	15415556.000
    4522026	15423469.000
    4542399	15483341.000
    4543146	15624759.000
    4544933	15749451.000
    4546723	15859188.000
    4548269	15964737.000
    4549834	16064386.000
    4551371	16157936.000
    4552963	16163834.000
    4553221	16255440.000
    4555266	16343539.000
    4556924	16430049.000
    4558514	16513660.000
    4560132	16582314.000
    4562482	16587904.000
    4563159	16611544.000
    4563988	16611544.000
    4564504	16611680.000
    4565426	16645664.000
    4566756	16648721.000
    4569515	16651248.000
    4578864	16789030.000
    4580993	16912869.000
    4582566	17028194.000
    4584138	17140068.000
    4586273	17243520.000
    4588486	17258147.000
    4589595	17356711.000
    4591182	17425998.000
    4592815	17516293.000
    4596140	17522762.000
    4597188	17577621.000
    4602234	17655309.000
    4603771	17731081.000
    4605337	17763818.000
    4669259	17861473.000
    4670478	17896111.000
    4670972	18051255.000
    4672706	18195932.000
    4674320	18332946.000
    4675955	18458724.000
    4677556	18579595.000
    4679994	18691254.000
    4681613	18799857.000
    4683215	18906071.000
    4684816	19008037.000
    4686453	19107073.000
    4688061	19202610.000
    4689657	19214414.000
    4690650	19305002.000
    4692242	19371879.000
    4694163	19390445.000
    4695885	19395299.000
    4696169	19414830.000
    4710642	19557445.000
    4712307	19676941.000
    4713856	19787943.000
    4715581	19796449.000
    4715916	19796468.000
    4717598	19828034.000
    4718820	19828766.000
    4719250	19828856.000
    4719399	19902805.000
    4721266	19979635.000
    4722792	20053689.000
    4724227	20126732.000
    4725712	20211115.000
    4727642	20292182.000
    4729383	20371343.000
    4731077	20406240.000
    4732680	20478969.000
    4734534	20551543.000
    4736263	20622476.000
    4738030	20681584.000
    4747127	20830359.000
    4748818	20965121.000
    4750476	21090940.000
    4752155	21186679.000
    4755324	21247486.000
    4756788	21335825.000
    4758168	21421413.000
    4759533	21505028.000
    4760932	21584360.000
    4762325	21661379.000
    4763764	21735576.000
    4766499	21746599.000
    4767283	21824160.000
    4768594	21893604.000
    4770042	21959483.000
    4771492	22022265.000
    4772900	22083440.000
    4774328	22143410.000
    4775733	22202817.000
    4777154	22261126.000
    4778572	22271368.000
    4778937	22280851.000
    4787410	22382369.000
    4788790	22488341.000
    4790438	22586684.000
    4792080	22674719.000
    4793673	22753454.000
    4795264	22780702.000
    4807242	22907568.000
    4808832	23026150.000
    4810415	23048511.000
    4811147	23160153.000
    4812895	23166277.000
    4813381	23270707.000
    4816130	23369792.000
    4817779	23437983.000
    4821306	23532022.000
    4823025	23621861.000
    4824748	23660346.000
    4827176	23671707.000
    4828166	23755335.000
    4829848	23836792.000
    4831542	23931920.000
    4833517	23964106.000
    4841275	23985925.000
    4844636	24072378.000
    4846228	24118314.000
    4847196	24181947.000
    4848902	24265428.000
    4850484	24294838.000
    4856847	24462025.000
    4858939	24589491.000
    4860558	24700241.000
    4862194	24800401.000
    4863747	24893636.000
    4865325	24980507.000
    4866894	24997143.000
    4867597	25019647.000
    4868310	25097550.000
    4869957	25169494.000
    4871585	25238673.000
    4873177	25306400.000
    4874779	25371985.000
    4876424	25384098.000
    4876866	25446683.000
    4878535	25451013.000
    4879401	25509158.000
    4881170	25565552.000
    4882811	25619260.000
    4884530	25662334.000
    4931471	25863704.000
    4933043	25987544.000
    4934366	26142834.000
    4936049	26288501.000
    4937720	26422178.000
    4939394	26555087.000
    4941045	26581472.000
    4942333	26701023.000
    4943991	26813781.000
    4946272	26923180.000
    4947962	27032319.000
    4949762	27142575.000
    4951614	27198068.000
    4952971	27307126.000
    4954863	27416319.000
    4956846	27525190.000
    4959014	27633945.000
    4961076	27742333.000
    4963194	27849022.000
    4965571	27876220.000
    4982782	27876353.000
    4983033	27876533.000
    4983392	28013699.000
    4986562	28136498.000
    4988219	28254648.000
    4989873	28369728.000
    4991540	28451682.000
    4993066	28532769.000
    4994520	28638037.000
    4996269	28738187.000
    4997949	28836976.000
    4999655	28930302.000
    5001324	29029945.000
    5003665	29118897.000
    5005400	29205042.000
    5007115	29287471.000
    5008782	29328034.000
    5012172	29404374.000
    5013816	29482493.000
    5030910	29642211.000
    5035540	29781298.000
    5037421	29912732.000
    5039138	29969307.000
    5040369	30090290.000
    5042100	30205653.000
    5043857	30318580.000
    5045659	30427913.000
    5047476	30535510.000
    5049429	30539367.000
    5049674	30616745.000
    5051465	30710834.000
    5053253	30802254.000
    5055151	30891235.000
    5056896	30975203.000
    5058659	30977719.000
    5058782	31058071.000
    5060581	31095510.000
    5097064	31095811.000
    5097216	31096259.000
    5100370	31107161.000
    5100631	31154184.000
    5101364	31321060.000
    5102828	31479952.000
    5104391	31631840.000
    5105906	31741253.000
    5107410	31883912.000
    5108976	32021729.000
    5110640	32151800.000
    5112309	32277181.000
    5113928	32399924.000
    5115585	32520826.000
    5117238	32579226.000
    5118405	32693487.000
    5120057	32802863.000
    5121766	32901197.000
    5123458	32907095.000
    5123670	33002487.000
    5125333	33094173.000
    5126982	33181639.000
    5128683	33193761.000
    5129449	33274884.000
    5131112	33355129.000
    5132796	33382383.000
    5139555	33415560.000
    5139975	33418550.000
    5140095	33575273.000
    5141791	33719078.000
    5143568	33738512.000
    5163083	33916517.000
    5164826	34118348.000
    5167232	34305683.000
    5169533	34436406.000
    5171276	34530460.000
    5172962	34687540.000
    5175209	34838804.000
    5177479	34855072.000
    5177844	35002241.000
    5180064	35157823.000
    5182126	35240724.000
    5184796	35368738.000
    5186970	35494362.000
    5189123	35549848.000
    5201408	35618748.000
    5202281	35752429.000
    5203822	35879865.000
    5205416	35887369.000
    5205664	36013016.000
    5207435	36110542.000
    5311723	36252160.000
    5313417	36361213.000
    5314820	36366736.000
    5315282	36494652.000
    5316969	36614021.000
    5318796	36730279.000
    5321208	36794855.000
    5340848	36977679.000
    5342768	37179113.000
    5345060	37368039.000
    5347525	37502451.000
    5349685	37649309.000
    5351553	37821021.000
    5355398	37962653.000
    5357590	38071492.000
    5359308	38121906.000
    5360887	38224745.000
    5362552	38324735.000
    5364240	38419664.000
    5365901	38513981.000
    5383216	38683058.000
    5384905	38690248.000
    5390521	38897377.000
    5392233	39102913.000
    5394161	39254713.000
    5395823	39413997.000
    5397593	39570498.000
    5399438	39655556.000
    5403705	39697718.000
    5404435	39761039.000
    5406993	39877893.000
    5408667	39991496.000
    5410703	40015418.000
    5413188	40146214.000
    5415136	40170087.000
    5415514	40243203.000
    5416669	40377572.000
    5418784	40498250.000
    5452977	40530269.000
    5454185	40688470.000
    5455786	40835140.000
    5457367	40976018.000
    5458954	41007938.000
    5461136	41025088.000
    5461800	41151986.000
    5463404	41275436.000
    5467089	41391909.000
    5468764	41504994.000
    5470297	41616110.000
    5471865	41618800.000
    5472250	41764747.000
    5474358	41903902.000
    5476397	42070711.000
    5490134	42257221.000
    5492190	42450508.000
    5494211	42609732.000
    5506727	42804569.000
    5509226	42991711.000
    5511446	43164913.000
    5513691	43199573.000
    5514792	43281102.000
    5516927	43357191.000
    5518257	43496368.000
    5520944	43535705.000
    5521817	43622184.000
    5523315	43751734.000
    5525546	43853150.000
    5527576	43987192.000
    5529996	44080764.000
    5531774	44220179.000
    5534486	44302551.000
    5536103	44380835.000
    5537796	44410354.000
    5538732	44421800.000
    5547347	44513767.000
    5548734	44680952.000
    5552340	44816357.000
    5553989	44945731.000
    5555569	45057616.000
    5557170	45172188.000
    5558786	45341147.000
    5561124	45480598.000
    5563210	45568300.000
    5566805	45664028.000
    5568506	45806671.000
    5570947	45807565.000
    5571010	45931213.000
    5573255	46009467.000
    5582718	46027198.000
    5583560	46237820.000
    5586132	46370537.000
    5587977	46491591.000
    5592674	46515032.000
    5593452	46576086.000
    5594935	46712838.000
    5597376	46863860.000
    5600152	46958280.000
    5602166	46965007.000
    5602489	47031203.000
    5604208	47145615.000
    5606932	47247315.000
    5609166	47371120.000
    5624615	47543378.000
    5626328	47687761.000
    5628074	47816783.000
    5629697	47936910.000
    5631432	48051285.000
    5634558	48063561.000
    5635263	48167921.000
    5636961	48268975.000
    5638643	48368388.000
    5640345	48463436.000
    5642025	48555123.000
    5643650	48666408.000
    5645742	48769763.000
    5647658	48869535.000
    5649547	48926661.000
    5673688	49223376.000
    5676312	49377471.000
    5678066	49557165.000
    5680212	49723003.000
    5682342	49882832.000
    5685335	49921771.000
    5686825	50027240.000
    5688538	50151557.000
    5691403	50250141.000
    5693183	50369674.000
    5695624	50451234.000
    5697262	50534525.000
    5699015	50655721.000
    5713290	50757274.000
    5714899	50851485.000
    5716486	50940154.000
    5718034	51025297.000
    5719787	51108747.000
    5721406	51188313.000
    5722969	51265133.000
    5724569	51340195.000
    5726212	51413156.000
    5727853	51484211.000
    5729488	51552983.000
    5731219	51621294.000
    5732891	51690490.000
    5734599	51761175.000
    5736455	51785465.000
    5771067	51785891.000
    5771236	51819870.000
    5772182	51858715.000
    5773240	51906912.000
    5774735	51910759.000
    5776528	52024196.000
    5779483	52151692.000
    5788865	52368678.000
    5790643	52552033.000
    5792568	52696898.000
    5794471	52824522.000
    5796292	52912311.000
    5797844	52977318.000
    5799646	53078842.000
    5801407	53175651.000
    5803190	53269049.000
    5804905	53360069.000
    5806625	53448364.000
    5808384	53507916.000
    5809919	53587084.000
    5811636	53681267.000
    5813191	53774334.000
    5814861	53820262.000
    5882409	53942271.000
    5885150	54013648.000
    5886529	54064951.000
    5893209	54163171.000
    5895421	54176840.000
    5897566	54251438.000
    5901899	54323913.000
    5903839	54423696.000
    5906193	54510465.000
    5925074	54679135.000
    5926758	54837116.000
    5928545	54985946.000
    5930454	55116262.000
    5951074	55141613.000
    5951323	55305319.000
    5952902	55442799.000
    5954541	55587660.000
    5956506	55742136.000
    5958875	55908247.000
    5961752	56148577.000
    5965612	56250216.000
    5967402	56309800.000
    5968764	56417832.000
    5970715	56503427.000
    5972686	56589757.000
    5974335	56677341.000
    5976151	56752758.000
    5984944	56938916.000
    5986690	57113478.000
    5989139	57248370.000
    5990823	57378986.000
    5992635	57499245.000
    5994609	57523165.000
    5995343	57646156.000
    5997236	57767672.000
    5999309	57883252.000
    6001216	57924312.000
    6002428	58016488.000
    6004106	58075694.000
    6006654	58081792.000
    6006829	58184665.000
    6008771	58200075.000
    6009469	58291642.000
    6011292	58338370.000
    6029504	58539251.000
    6031673	58739467.000
    6034050	58903321.000
    6036139	58950978.000
    6038897	59120972.000
    6041304	59122845.000
    6074383	59180900.000
    6075283	59362233.000
    6077725	59550410.000
    6080164	59652387.000
    6081608	59818506.000
    6084190	59846117.000
    6084635	59851117.000
    6085577	59967935.000
    6087360	60085607.000
    6089194	60118153.000
    6089826	60122888.000
    6090005	60231313.000
    6091797	60250566.000
    6092186	60360818.000
    6094990	60377322.000
    6095382	60475126.000
    6097152	60564701.000
    6098884	60644072.000
    6100945	60647029.000
    6124091	60848690.000
    6126176	61034941.000
    6128133	61222847.000
    6130205	61275135.000
    6131192	61332828.000
    6132527	61345557.000
    6135174	61477173.000
    6136914	61592290.000
    6138455	61706628.000
    6140000	61737248.000
    6141031	61780918.000
    6142383	61810643.000
    6143220	61896520.000
    6144943	61981669.000
    6146631	62075643.000
    6178516	62195240.000
    6180213	62296613.000
    6182002	62410630.000
    6183837	62525863.000
    6185729	62628083.000
    6187464	62628330.000
    6188841	62629011.000
    6188952	62657156.000
    6189783	62660775.000
    6190018	62798120.000
    6192535	62861767.000
    6193788	62952863.000
    6196181	63051423.000
    6198138	63092938.000
    6199310	63141525.000
    6201109	63241775.000
    6203289	63266331.000
    6204618	63341427.000
    6215753	63511237.000
    6217429	63644373.000
    6219055	63777947.000
    6220778	63912232.000
    6222629	63995705.000
    6223819	64117402.000
    6225613	64143305.000
    6226336	64256557.000
    6228197	64381934.000
    6230166	64483758.000
    6231974	64572935.000
    6233502	64667583.000
    6235827	64720120.000
    6237085	64778291.000
    6238285	64906067.000
    6240596	64993666.000
    6242246	65077490.000
    6243884	65118898.000
    6244795	65169819.000
