    3456966	4446.000
    3462572	5921.000
    3462974	6426.000
    3463160	9666.000
    3473497	10541.000
    3475009	15838.000
    3476690	19507.000
    3477653	24847.000
    3478931	30357.000
    3480265	35917.000
    3481597	41457.000
    3482888	42685.000
    3560705	44750.000
    3561879	47021.000
    3562588	52095.000
    3563667	60250.000
    3565349	68538.000
    3568262	73802.000
    3569533	76063.000
    3608637	79111.000
    3612426	85895.000
    3613919	92678.000
    3616549	98504.000
    3618590	105363.000
    3620163	112260.000
    3622710	119161.000
    3624311	126088.000
    3626759	132958.000
    3628852	139912.000
    3630491	146322.000
    3632098	151852.000
    3651430	158671.000
    3652906	165608.000
    3654328	172569.000
    3656766	179982.000
    3658288	187378.000
    3659837	194399.000
    3661917	201438.000
    3663449	208466.000
    3664978	215496.000
    3666631	215940.000
    3667076	225463.000
    3669028	230225.000
    3673448	237271.000
    3674981	244337.000
    3676502	251386.000
    3678030	258443.000
    3699658	264065.000
    3701040	269965.000
    3702518	278028.000
    3704478	284205.000
    3705981	287308.000
    3736290	293061.000
    3737674	298968.000
    3740478	305306.000
    3741925	311757.000
    3743434	318278.000
    3745574	322403.000
    3750718	328375.000
    3752651	332919.000
    3753818	341014.000
    3755642	347736.000
    3757412	348790.000
    3758305	355676.000
    3760347	358497.000
    3760992	365453.000
    3773597	371285.000
    3775186	378928.000
    3776940	385135.000
    3778481	391416.000
    3780050	397767.000
    3781685	404166.000
    3783320	404357.000
    3784283	410847.000
    3785921	417369.000
    3787597	423933.000
    3789307	430561.000
    3791055	437248.000
    3792794	443970.000
    3795378	450644.000
    3797076	457350.000
    3798781	459529.000
    3800295	460885.000
    3800731	461222.000
    3818186	468962.000
    3820124	475293.000
    3821672	481709.000
    3823240	488173.000
    3824840	493323.000
    3826800	499860.000
    3828436	506421.000
    3830067	513032.000
    3831706	519672.000
    3833617	526361.000
    3835359	529192.000
    3837999	533831.000
    3839423	540583.000
    3841118	544822.000
    3842971	546233.000
    3879090	546236.000
    3879271	547345.000
    3879696	548522.000
    3880168	555219.000
    3881808	561081.000
    3883323	567028.000
    3885064	572143.000
    3886998	577061.000
    3888292	581945.000
    3889591	582446.000
    3891742	589845.000
    3893996	594142.000
    3896329	601644.000
    3898889	606333.000
    3902563	612601.000
    3929246	619198.000
    3959919	621683.000
    3962329	627539.000
    3963845	633644.000
    3965515	637677.000
    3966875	643996.000
    3968431	646492.000
    3970559	653022.000
    3972190	654008.000
    3974223	660625.000
    3975967	667160.000
    3977621	667608.000
    3978550	673248.000
    3979980	678395.000
    3987623	679227.000
    3987960	679307.000
    3988151	680019.000
    3988549	684644.000
    3989878	691050.000
    3991500	697813.000
    3993341	700464.000
    3994187	704017.000
    3995282	704812.000
    3995598	712037.000
    3997855	713133.000
    3999157	713477.000
    3999349	719710.000
    4000934	723127.000
    4057163	724872.000
    4057904	726378.000
    4058767	728279.000
    4059598	730771.000
    4060345	733500.000
    4061291	738208.000
    4062538	740312.000
    4063204	742765.000
    4076180	742884.000
    4076922	743303.000
    4077461	745156.000
    4078033	745774.000
    4078521	751510.000
    4080073	753077.000
    4081163	757142.000
    4082277	760532.000
    4084647	763502.000
    4085920	767265.000
    4086989	771157.000
    4088081	775519.000
    4089323	779967.000
    4090566	780426.000
    4090781	784863.000
    4092548	790656.000
    4094113	794959.000
    4095300	800530.000
    4097382	806431.000
    4098981	810957.000
    4100152	811236.000
    4100324	811769.000
    4100516	812074.000
    4100679	812187.000
    4100782	812579.000
    4100999	812732.000
    4101146	813457.000
    4101435	813843.000
    4101622	814327.000
    4101836	814593.000
    4102050	815414.000
    4102319	816296.000
    4102720	816720.000
    4102920	818500.000
    4103476	819224.000
    4142624	819496.000
    4142960	823723.000
    4144181	828280.000
    4145444	830923.000
    4146375	836912.000
    4149043	837101.000
    4149386	843040.000
    4151128	844074.000
    4152189	850054.000
    4153779	856023.000
    4155399	861896.000
    4157000	867735.000
    4158692	873601.000
    4160298	879472.000
    4161957	881103.000
    4163116	886963.000
    4164712	889932.000
    4167138	892983.000
    4178674	897438.000
    4179894	902582.000
    4181262	903489.000
    4183167	909558.000
    4184740	913111.000
    4185716	919189.000
    4187235	922787.000
    4188201	923671.000
    4188520	925061.000
    4189809	925280.000
    4190821	931188.000
    4192384	937038.000
    4193934	943646.000
    4195659	949558.000
    4197222	955429.000
    4212739	960710.000
    4214259	966152.000
    4215769	971766.000
    4217382	977435.000
    4219298	983083.000
    4220902	988513.000
    4223126	989827.000
    4244429	991423.000
    4244993	992240.000
    4245355	998498.000
    4247330	998731.000
    4249789	999722.000
    4256575	1005276.000
    4258096	1007812.000
    4259369	1013516.000
    4263176	1019297.000
    4264821	1020596.000
    4265657	1025369.000
    4267040	1029765.000
    4268516	1035570.000
    4270108	1041371.000
    4271702	1047213.000
    4273310	1052118.000
    4274666	1056875.000
    4276302	1057577.000
    4276719	1057580.000
    4294584	1062977.000
    4296189	1068746.000
    4298068	1068746.000
    4298430	1069704.000
    4299224	1075653.000
    4300871	1081560.000
    4302508	1088365.000
    4305019	1093964.000
    4306666	1099572.000
    4308221	1105150.000
    4309793	1105347.000
    4310874	1111231.000
    4312609	1117116.000
    4314395	1119440.000
    4315834	1125338.000
    4317458	1131098.000
    4319351	1136879.000
    4320931	1141511.000
    4331560	1148019.000
    4333851	1149535.000
    4335372	1154301.000
    4337013	1160379.000
    4338956	1166511.000
    4342403	1167127.000
    4342688	1168086.000
    4344064	1174193.000
    4345772	1180265.000
    4347390	1186357.000
    4349122	1188206.000
    4349692	1191201.000
    4350529	1193093.000
    4351139	1196935.000
    4352183	1202416.000
    4353938	1204105.000
    4355013	1210188.000
    4356622	1212699.000
    4357645	1218799.000
    4359283	1221202.000
    4359940	1227303.000
    4361580	1231288.000
    4362759	1236217.000
    4364027	1242383.000
    4365669	1247663.000
    4367093	1251551.000
    4369684	1257846.000
    4371328	1264184.000
    4373037	1271436.000
    4374965	1272461.000
    4418087	1278832.000
    4419938	1285865.000
    4421894	1291857.000
    4423534	1297972.000
    4425163	1304125.000
    4426797	1310311.000
    4428487	1311976.000
    4430131	1318038.000
    4431721	1324084.000
    4433351	1330111.000
    4435020	1335456.000
    4436442	1341464.000
    4438064	1346850.000
    4440253	1352825.000
    4441829	1358813.000
    4443450	1362171.000
    4444491	1368149.000
    4446245	1371606.000
    4457360	1376913.000
    4458820	1382712.000
    4460400	1387219.000
    4461562	1393227.000
    4463111	1399255.000
    4464664	1405285.000
    4466245	1412160.000
    4469911	1412273.000
    4470029	1414275.000
    4471316	1420243.000
    4472869	1423921.000
    4473976	1429966.000
    4475566	1436070.000
    4477184	1441144.000
    4478531	1445136.000
    4480173	1451310.000
    4481782	1457486.000
    4483412	1463688.000
    4485091	1464429.000
    4490482	1470314.000
    4492222	1470725.000
    4492752	1470868.000
    4492939	1476895.000
    4494574	1482982.000
    4496177	1489061.000
    4497806	1495057.000
    4499409	1499770.000
    4502857	1501016.000
    4503276	1507003.000
    4504907	1512900.000
    4506475	1518784.000
    4508067	1524603.000
    4509767	1530387.000
    4511377	1531532.000
    4512254	1536145.000
    4513532	1541975.000
    4515148	1547874.000
    4516755	1553833.000
    4518178	1559651.000
    4519907	1565400.000
    4522026	1566095.000
    4542399	1568429.000
    4543146	1574327.000
    4544933	1580360.000
    4546723	1586109.000
    4548269	1591901.000
    4549834	1597684.000
    4551371	1603220.000
    4552963	1603592.000
    4553221	1609286.000
    4555266	1615022.000
    4556924	1620767.000
    4558514	1626491.000
    4560132	1631632.000
    4562482	1632074.000
    4563159	1633826.000
    4563988	1633826.000
    4564504	1633826.000
    4565426	1636434.000
    4566756	1636435.000
    4569515	1636435.000
    4578864	1642180.000
    4580993	1647955.000
    4582566	1653677.000
    4584138	1659497.000
    4586273	1665286.000
    4588486	1667248.000
    4589595	1673061.000
    4591182	1677340.000
    4592815	1683103.000
    4596140	1684250.000
    4597188	1688344.000
    4602234	1694028.000
    4603771	1699749.000
    4605337	1702273.000
    4669259	1705416.000
    4670478	1706709.000
    4670972	1712719.000
    4672706	1718758.000
    4674320	1724812.000
    4675955	1730818.000
    4677556	1736768.000
    4679994	1742676.000
    4681613	1748571.000
    4683215	1754495.000
    4684816	1760367.000
    4686453	1766235.000
    4688061	1772101.000
    4689657	1772840.000
    4690650	1778738.000
    4692242	1785222.000
    4694163	1788606.000
    4695885	1788943.000
    4696169	1790298.000
    4710642	1796355.000
    4712307	1802466.000
    4713856	1808570.000
    4715581	1809065.000
    4715916	1809065.000
    4716093	1809926.000
    4717598	1811976.000
    4718820	1812002.000
    4719250	1812006.000
    4719399	1816950.000
    4721266	1822429.000
    4722792	1827874.000
    4724227	1833327.000
    4725712	1839796.000
    4727642	1846231.000
    4729383	1852631.000
    4731077	1855500.000
    4732680	1861920.000
    4734534	1868304.000
    4736263	1874659.000
    4738030	1880150.000
    4747127	1885880.000
    4748818	1891768.000
    4750476	1897704.000
    4752155	1904102.000
    4755324	1907282.000
    4756788	1912221.000
    4758168	1917137.000
    4759533	1922107.000
    4760932	1927158.000
    4762325	1932234.000
    4763764	1937324.000
    4766499	1938100.000
    4767283	1942305.000
    4768594	1947328.000
    4770042	1952400.000
    4771492	1957464.000
    4772900	1962547.000
    4774328	1967649.000
    4775733	1972772.000
    4777154	1977883.000
    4778572	1978780.000
    4778937	1979642.000
    4787410	1984861.000
    4788790	1991269.000
    4790438	1997641.000
    4792080	2004062.000
    4793673	2010582.000
    4795264	2012908.000
    4807242	2018849.000
    4808832	2024790.000
    4810415	2025959.000
    4811147	2031962.000
    4812895	2032312.000
    4813381	2038302.000
    4816130	2044316.000
    4817779	2048438.000
    4821306	2054294.000
    4823025	2060100.000
    4824748	2062636.000
    4827176	2063432.000
    4828166	2069432.000
    4829848	2075399.000
    4831542	2082304.000
    4833517	2084624.000
    4841275	2085528.000
    4844636	2090445.000
    4846228	2093345.000
    4847196	2097471.000
    4848902	2103414.000
    4850484	2105620.000
    4856847	2111242.000
    4858939	2117319.000
    4860558	2123390.000
    4862194	2129524.000
    4863747	2135709.000
    4865325	2141900.000
    4866894	2143156.000
    4867597	2144925.000
    4868310	2151221.000
    4869957	2157564.000
    4871585	2164011.000
    4873177	2170531.000
    4874779	2177119.000
    4876424	2178413.000
    4876866	2185131.000
    4878535	2185622.000
    4879401	2192579.000
    4881170	2199610.000
    4882811	2206760.000
    4884530	2212626.000
    4931471	2218232.000
    4933043	2222765.000
    4934366	2228939.000
    4936049	2235224.000
    4937720	2241546.000
    4939394	2247756.000
    4941045	2249032.000
    4942333	2255334.000
    4943991	2261719.000
    4946272	2268022.000
    4947962	2274292.000
    4949762	2280626.000
    4951614	2283872.000
    4952971	2290213.000
    4954863	2296570.000
    4956846	2302925.000
    4959014	2309243.000
    4961076	2315642.000
    4963194	2322035.000
    4965571	2323719.000
    4982782	2323724.000
    4983033	2323732.000
    4983392	2329658.000
    4986562	2335955.000
    4988219	2342227.000
    4989873	2348439.000
    4991540	2353060.000
    4993066	2357874.000
    4994520	2364142.000
    4996269	2370419.000
    4997949	2376658.000
    4999655	2382966.000
    5001324	2389881.000
    5003665	2396124.000
    5005400	2402327.000
    5007115	2408583.000
    5008782	2411654.000
    5012172	2417880.000
    5013816	2424061.000
    5030910	2430325.000
    5035540	2436870.000
    5037421	2443427.000
    5039138	2446404.000
    5040369	2453041.000
    5042100	2459727.000
    5043857	2466373.000
    5045659	2473063.000
    5047476	2479785.000
    5049429	2479821.000
    5049674	2484910.000
    5051465	2491397.000
    5053253	2497845.000
    5055151	2504342.000
    5056896	2510839.000
    5058659	2511047.000
    5058782	2517627.000
    5060581	2520813.000
    5097064	2520816.000
    5097216	2520821.000
    5100370	2521099.000
    5100631	2522411.000
    5101364	2527844.000
    5102828	2533460.000
    5104391	2539113.000
    5105906	2543591.000
    5107410	2549405.000
    5108976	2555386.000
    5110640	2561472.000
    5112309	2567620.000
    5113928	2573816.000
    5115585	2579988.000
    5117238	2583071.000
    5118405	2589249.000
    5120057	2595439.000
    5121766	2601636.000
    5123458	2602017.000
    5123670	2608331.000
    5125333	2614696.000
    5126982	2621072.000
    5128683	2621981.000
    5129449	2628332.000
    5131112	2634676.000
    5132796	2637023.000
    5139555	2638222.000
    5139975	2638333.000
    5140095	2644739.000
    5141791	2651279.000
    5143568	2652217.000
    5163083	2658267.000
    5164826	2666751.000
    5167232	2675429.000
    5169533	2681920.000
    5171276	2686744.000
    5172962	2695353.000
    5175209	2703940.000
    5177479	2704919.000
    5177844	2713530.000
    5180064	2721389.000
    5182126	2725603.000
    5184796	2734157.000
    5186970	2742696.000
    5189123	2746483.000
    5201408	2749271.000
    5202281	2755532.000
    5203822	2761863.000
    5205416	2762252.000
    5205664	2769059.000
    5207435	2774452.000
    5311723	2781258.000
    5313417	2786755.000
    5314820	2787036.000
    5315282	2793720.000
    5316969	2800377.000
    5318796	2806943.000
    5321208	2810694.000
    5340848	2818460.000
    5342768	2827381.000
    5345060	2836316.000
    5347525	2843079.000
    5349685	2850260.000
    5351553	2858974.000
    5355398	2867645.000
    5357590	2874154.000
    5359308	2877258.000
    5360887	2883710.000
    5362552	2890141.000
    5364240	2896618.000
    5365901	2903082.000
    5383216	2909642.000
    5384905	2909940.000
    5390521	2916464.000
    5392233	2924067.000
    5394161	2930236.000
    5395823	2936951.000
    5397593	2943861.000
    5399438	2947809.000
    5403705	2950004.000
    5404435	2953269.000
    5406993	2959425.000
    5408667	2965591.000
    5410703	2966915.000
    5413188	2974322.000
    5415136	2975713.000
    5415514	2979961.000
    5416669	2987934.000
    5418784	2995225.000
    5452977	2996566.000
    5454185	3002766.000
    5455786	3008941.000
    5457367	3015184.000
    5458954	3016520.000
    5461136	3017343.000
    5461800	3023528.000
    5463404	3029714.000
    5467089	3035866.000
    5468764	3041984.000
    5470297	3048013.000
    5471865	3048166.000
    5472250	3056236.000
    5474358	3064163.000
    5476397	3073842.000
    5490134	3080041.000
    5492190	3088447.000
    5494211	3096691.000
    5506727	3102721.000
    5509226	3111186.000
    5511446	3120223.000
    5513691	3122197.000
    5514792	3126846.000
    5516927	3131501.000
    5518257	3140175.000
    5520944	3142734.000
    5521817	3148458.000
    5523315	3157290.000
    5525546	3164426.000
    5527576	3174185.000
    5529996	3181276.000
    5531774	3192033.000
    5534486	3198458.000
    5536103	3204911.000
    5537796	3207458.000
    5538732	3208448.000
    5547347	3211497.000
    5548734	3218021.000
    5552340	3224574.000
    5553989	3231093.000
    5555569	3237075.000
    5557170	3243510.000
    5558786	3253296.000
    5561124	3261858.000
    5563210	3267562.000
    5566805	3274137.000
    5568506	3284134.000
    5570947	3284199.000
    5571010	3293210.000
    5573255	3299071.000
    5582718	3299849.000
    5583560	3310700.000
    5586132	3318825.000
    5587977	3326765.000
    5592674	3328463.000
    5593452	3332858.000
    5594935	3343215.000
    5597376	3355186.000
    5600152	3363008.000
    5602166	3363474.000
    5602489	3369239.000
    5604208	3379441.000
    5606932	3388796.000
    5609166	3400763.000
    5624615	3407995.000
    5626328	3415170.000
    5628074	3422230.000
    5629697	3429201.000
    5631432	3436175.000
    5634558	3436961.000
    5635263	3443825.000
    5636961	3450635.000
    5638643	3457495.000
    5640345	3464264.000
    5642025	3470983.000
    5643650	3479281.000
    5645742	3487188.000
    5647658	3495045.000
    5649547	3499591.000
    5673688	3510196.000
    5676312	3517409.000
    5678066	3526630.000
    5680212	3535940.000
    5682342	3545434.000
    5685335	3547936.000
    5686825	3554928.000
    5688538	3563721.000
    5691403	3571184.000
    5693183	3580549.000
    5695624	3587333.000
    5697262	3594569.000
    5699015	3605382.000
    5713290	3611955.000
    5714899	3618539.000
    5716486	3625077.000
    5718034	3631548.000
    5719787	3638082.000
    5721406	3644664.000
    5722969	3651293.000
    5724569	3657936.000
    5726212	3664626.000
    5727853	3671406.000
    5729488	3678239.000
    5731219	3685138.000
    5732891	3692470.000
    5734599	3700228.000
    5736455	3702893.000
    5771067	3702939.000
    5771236	3706545.000
    5772182	3710842.000
    5773240	3716225.000
    5774735	3716650.000
    5776528	3730134.000
    5779483	3745635.000
    5788865	3752165.000
    5790643	3760334.000
    5792568	3768292.000
    5794471	3776176.000
    5796292	3782025.000
    5797844	3786559.000
    5799646	3794134.000
    5801407	3801566.000
    5803190	3808896.000
    5804905	3816225.000
    5806625	3823594.000
    5808384	3828742.000
    5809919	3835725.000
    5811636	3842045.000
    5813191	3848420.000
    5814861	3851605.000
    5882409	3859243.000
    5885150	3864600.000
    5886529	3868479.000
    5893209	3877356.000
    5895421	3878891.000
    5897566	3886117.000
    5901899	3893351.000
    5903839	3903467.000
    5906193	3912479.000
    5925074	3919248.000
    5926758	3926823.000
    5928545	3934770.000
    5930454	3942168.000
    5951074	3943079.000
    5951323	3949741.000
    5952902	3956562.000
    5954541	3964983.000
    5956506	3974219.000
    5958875	3985151.000
    5961752	4001221.000
    5965612	4008425.000
    5967402	4012635.000
    5968764	4020491.000
    5970715	4026858.000
    5972686	4033428.000
    5974335	4040339.000
    5976151	4046784.000
    5984944	4053945.000
    5986690	4062055.000
    5989139	4069187.000
    5990823	4076609.000
    5992635	4083731.000
    5994609	4085226.000
    5995343	4093118.000
    5997236	4101125.000
    5999309	4108909.000
    6001216	4111854.000
    6002428	4118437.000
    6004106	4122755.000
    6006654	4123227.000
    6006829	4130981.000
    6008771	4132200.000
    6009469	4139605.000
    6011292	4143502.000
    6029504	4152289.000
    6031673	4162040.000
    6034050	4170575.000
    6036139	4173195.000
    6037996	4174961.000
    6038897	4184770.000
    6041304	4184888.000
    6074383	4187779.000
    6075283	4197182.000
    6077725	4207421.000
    6080164	4213453.000
    6081608	4223182.000
    6084190	4224833.000
    6084635	4225126.000
    6085577	4232331.000
    6087360	4239692.000
    6089194	4241792.000
    6089826	4242101.000
    6090005	4249048.000
    6091797	4250374.000
    6092186	4257740.000
    6094990	4258978.000
    6095382	4265927.000
    6097152	4272472.000
    6098884	4278371.000
    6100945	4278584.000
    6124091	4287276.000
    6126176	4295257.000
    6128133	4303736.000
    6130205	4306181.000
    6131192	4308999.000
    6132527	4309609.000
    6135174	4316615.000
    6136914	4322869.000
    6138455	4329132.000
    6140000	4330834.000
    6141031	4333419.000
    6142383	4335715.000
    6143220	4342268.000
    6144943	4348963.000
    6146631	4356413.000
    6178516	4364014.000
    6180213	4370834.000
    6182002	4378663.000
    6183837	4386856.000
    6185729	4394310.000
    6187464	4394330.000
    6188841	4394384.000
    6188952	4396542.000
    6189783	4396821.000
    6190018	4407445.000
    6192535	4412558.000
    6193788	4420030.000
    6196181	4428261.000
    6198138	4431749.000
    6199310	4435848.000
    6201109	4444424.000
    6203289	4446568.000
    6204618	4453249.000
    6215753	4460339.000
    6217429	4467287.000
    6219055	4474747.000
    6220778	4482713.000
    6222629	4487794.000
    6223819	4495372.000
    6225613	4497028.000
    6226336	4504239.000
    6228197	4512576.000
    6230166	4519521.000
    6231974	4525830.000
    6233502	4532628.000
    6235827	4536462.000
    6237085	4540938.000
    6238285	4550545.000
    6240596	4557300.000
    6242246	4563974.000
    6243884	4567287.000
    6244795	4571457.000
