13043027 0
13043029 1
13043034 2
13043046 3
13043062 4
13044015 5
13045123 6
13045139 7
13046009 8
13046016 9
13046022 10
13046027 11
13046116 12
13047021 13
13047121 14
13048009 15
13048010 16
13048011 17
13048012 18
13048013 19
13048014 20
13048015 21
13048016 22
13048017 23
13048018 24
13048019 25
13048030 26
13048031 27
13048032 28
13048040 29
13048041 30
13048042 31
13048043 32
13048044 33
13048045 34
13048049 35
13048050 36
13048051 37
13048052 38
13048053 39
13048087 40
13048088 41
13048089 42
13048090 43
13048091 44
13048092 45
13048093 46
13049006 47
13049007 48
13049017 49
13049031 50
13049032 51
13049035 52
13049039 53
13049041 54
13049042 55
13049044 56
13049045 57
13049046 58
13049047 59
13049048 60
13049049 61
13049072 62
13049073 63
13049078 64
13049080 65
13049081 66
13049082 67
13049093 68
13049094 69
13049096 70
13049098 71
13049099 72
13049101 73
13050001 74
13050006 75
13050009 76
13050011 77
13050012 78
13050015 79
13050016 80
13050020 81
13050022 82
13050023 83
13050028 84
13050029 85
13050031 86
13050032 87
13050036 88
13050037 89
13050038 90
13050041 91
13051006 92
13051007 93
13051008 94
13051009 95
13051010 96
13051011 97
13051012 98
13051015 99
13051016 100
13051017 101
13051019 102
13051020 103
13051021 104
13051022 105
13051023 106
13051024 107
13051026 108
13051028 109
13051069 110
13051070 111
13051071 112
13051072 113
13051073 114
13051074 115
13051081 116
13051083 117
13051084 118
13051085 119
13051086 120
13051087 121
13051091 122
13051092 123
13051093 124
13051099 125
13051100 126
13052001 127
13052002 128
13052003 129
13052004 130
13052005 131
13052009 132
13052010 133
13052011 134
13052012 135
13052013 136
13052014 137
13052015 138
13052016 139
13052017 140
13052018 141
13052019 142
13052020 143
13052036 144
13052037 145
13052039 146
13052042 147
13052043 148
13052045 149
13052046 150
13052047 151
13052048 152
13052050 153
13052051 154
13052052 155
13052053 156
13052056 157
13052057 158
13052059 159
13052061 160
13052088 161
13053004 162
13053005 163
13053006 164
13053007 165
13053012 166
13053013 167
13053015 168
13053023 169
13053027 170
13053028 171
13053029 172
13054010 173
13054023 174
13054043 175
13054044 176
13054047 177
13054050 178
13054056 179
13054058 180
13054060 181
13054061 182
13054062 183
13054063 184
13054064 185
13054065 186
13054066 187
13054068 188
13054069 189
13054070 190
13054071 191
13054083 192
13054084 193
13054085 194
13055001 195
13055004 196
13055006 197
13055007 198
13055008 199
13055009 200
13055010 201
13055011 202
13055014 203
13055016 204
13055017 205
13055018 206
13055019 207
13055020 208
13055021 209
13055022 210
13055023 211
13055024 212
13055034 213
13055035 214
13055036 215
13055037 216
13055038 217
13055039 218
13055068 219
13055069 220
13055070 221
13055071 222
13055073 223
13055075 224
13055076 225
13055080 226
13056004 227
13056005 228
13056007 229
13056008 230
13056017 231
13056020 232
13056021 233
13056022 234
13056023 235
13056024 236
13056025 237
13056026 238
13056027 239
13056028 240
13056029 241
13056030 242
13056031 243
13056032 244
13056033 245
13057005 246
13057006 247
13057007 248
13057008 249
13057009 250
13057010 251
13057011 252
13057014 253
13057015 254
13057016 255
13057017 256
13057018 257
13057019 258
13057021 259
13057022 260
13057023 261
13057024 262
13057025 263
13057026 264
13057027 265
13057042 266
13057044 267
13057045 268
13057046 269
13057047 270
13057048 271
13057049 272
13057050 273
13057051 274
13057052 275
13057053 276
13057055 277
13057056 278
13057057 279
13057058 280
13058002 281
13058003 282
13058008 283
13058013 284
13058014 285
13058015 286
13058016 287
13058017 288
13058018 289
13058020 290
13058022 291
13058023 292
13058025 293
13058026 294
13058028 295
13058029 296
13058031 297
13058032 298
13059036 299
13060007 300
13060008 301
13060010 302
13060011 303
13061024 304
13061025 305
13061029 306
13061030 307
13061031 308
13061035 309
13061053 310
13061054 311
13061055 312
13061056 313
13061059 314
13061060 315
13061061 316
13062001 317
13062002 318
13062004 319
13062005 320
13062006 321
13062007 322
13062013 323
13062014 324
13062025 325
13062026 326
13062027 327
13062028 328
13062029 329
13062031 330
13062045 331
13062046 332
13062049 333
13062050 334
13062052 335
13062059 336
13062060 337
13062061 338
13062062 339
13062063 340
13063006 341
13063009 342
13063010 343
13063011 344
13063012 345
13063020 346
13063022 347
13063023 348
13063030 349
13063031 350
13063032 351
13063034 352
13063035 353
13063036 354
13063051 355
13063053 356
13063054 357
13063059 358
13063061 359
13063062 360
13063063 361
13063065 362
13063067 363
13063068 364
13063071 365
13063072 366
13063073 367
13063074 368
13063076 369
13064001 370
13064002 371
13064003 372
13064004 373
13064005 374
13064006 375
13064012 376
13064014 377
13064020 378
13064021 379
13064022 380
13064023 381
13064024 382
13064025 383
13064026 384
13064028 385
13064029 386
13064031 387
13064032 388
13064052 389
13064055 390
13064056 391
13064061 392
13064064 393
13064065 394
13064066 395
13064067 396
13064068 397
13064070 398
13064075 399
13065005 400
13065006 401
13065007 402
13065008 403
13065009 404
13065013 405
13065014 406
13065015 407
13065016 408
13065017 409
13065018 410
13065019 411
13065020 412
13065021 413
13065022 414
13065046 415
13065047 416
13065049 417
13065050 418
13065051 419
13065052 420
13065053 421
13065055 422
13065056 423
13065058 424
13065059 425
13065060 426
13066021 427
13066022 428
13066023 429
13066024 430
13066025 431
13066026 432
13066027 433
13066028 434
13066029 435
13066030 436
13066031 437
13066033 438
13066034 439
13066100 440
13066105 441
13068023 442
13068028 443
13068057 444
13068058 445
13068059 446
13068060 447
13068084 448
13068085 449
13068086 450
13068087 451
13068088 452
13068090 453
13069001 454
13069002 455
13069003 456
13069004 457
13069005 458
13069007 459
13069008 460
13069013 461
13069014 462
13069016 463
13069017 464
13069018 465
13069020 466
13069021 467
13069022 468
13069023 469
13069024 470
13069026 471
13069027 472
13069030 473
13069031 474
13069035 475
13069036 476
13069066 477
13069067 478
13069068 479
13069069 480
13069071 481
13069073 482
13069074 483
13070006 484
13070008 485
13070010 486
13070011 487
13070012 488
13070014 489
13070015 490
13070016 491
13070017 492
13070018 493
13070019 494
13070020 495
13070021 496
13070022 497
13070024 498
13070025 499
13070026 500
13070027 501
13070057 502
13070058 503
13070059 504
13070060 505
13070061 506
13071003 507
13071004 508
13071005 509
13071006 510
13071008 511
13071009 512
13071010 513
13071011 514
13071012 515
13071028 516
13071029 517
13071031 518
13071032 519
13071033 520
13071041 521
13071042 522
13071043 523
13071045 524
13071046 525
13071048 526
13071050 527
13071051 528
13071055 529
13071064 530
13072001 531
13072002 532
13072003 533
13072004 534
13072005 535
13072006 536
13072007 537
13072008 538
13072009 539
13072010 540
13072011 541
13072014 542
13072015 543
13072016 544
13072017 545
13072018 546
13072019 547
13072020 548
